loss:0.06036578305065632	SROCC:0.8358733502116915	KROCC:0.6452940813477518	PLCC:0.8320634863941284	RMSE:0.36698434028765176
loss:0.06089753843843937	SROCC:0.84125876135223	KROCC:0.6544910777347802	PLCC:0.8355039017956992	RMSE:0.36412437821173876
